image: house_global.pgm
resolution: 0.050000
origin: [-4.857056, -6.346262, 0.000000]
negate: 0
occupied_thresh: 0.65
free_thresh: 0.196

